122013682599
111006870123
878542304692
625357434280
319284219241
358838584537
315388199760
549644750220
328186301361
647714820358
416337872207
817720048078
520515932928
547790757193
933060377296
085908627042
917454788242
491272634430
567017327076
946106280231
045264421887
878946575477
714986349436
778103764427
403382736539
747138647787
849543848959
553753799042
324106127132
698432774571
554630997720
278101456108
118837370953
101635632443
298702956389
662891165897
476957208792
692887128178
007026517450
776841071962
439039432253
642260523494
585012991857
150124870696
156814162535
905669342381
300885624924
689156412677
565448188650
659384795177
536089400574
523894033579
847636394490
531306232374
906644504882
466507594673
586207463792
518420045936
969298102226
397195259719
094521782333
175693458150
855233282076
282002340262
690789834245
171200620771
464097945611
612762914595
123722991334
016955236385
094288559201
872743379517
301458635757
082835578015
873543276888
868012039988
238470215146
760544540766
353598417443
048012893831
389688163948
746965881750
450692636533
817505547812
864000000000
000000000000
000000000000
000000000000
000000000000
000000000000
000000000000
000000000000
000000000000
000000000000
0000000